0.517 1.364 226 40 0.68 1.0 1.8 219 39
0.437 0.897 277 51 0.61 1.0 1.8 281 51
0.530 1.332 274 37 1.14 1.0 1.8 268 36
0.539 1.179 207 35 0.72 1.0 1.8 204 34
0.642 1.297 266 46 1.37 1.0 1.8 262 45
0.564 1.182 227 35 1.39 1.0 1.8 225 35
0.352 1.023 213 16 1.04 1.0 1.8 210 16
0.522 1.289 247 37 1.21 1.0 1.8 250 37
0.544 1.446 217 38 0.86 1.0 1.8 207 36
0.408 1.086 272 14 1.63 1.0 1.8 272 14
0.391 0.874 215 31 0.65 1.0 1.8 208 30
0.363 0.978 250 17 1.20 1.0 1.8 247 17
0.458 0.936 278 31 1.02 1.0 1.8 274 31
0.227 0.931 232 18 0.96 1.5 1.4 229 18
0.196 0.632 283 10 1.53 1.5 1.4 279 10
0.120 0.196 267 13 0.79 1.5 1.4 266 13
0.294 0.525 259 20 0.69 1.5 1.4 251 19
0.513 0.924 308 49 0.79 1.5 1.4 295 47
0.351 1.071 220 22 1.10 1.5 1.4 212 21
0.206 0.688 219 11 1.25 1.5 1.4 214 11
0.219 1.025 238 11 1.23 1.5 1.4 236 11
0.241 0.594 264 15 1.17 1.5 1.4 259 15
0.116 0.657 222 11 1.41 1.5 1.4 225 11
0.430 1.065 228 28 1.29 1.5 1.4 223 27
0.190 0.588 246 12 1.09 1.5 1.4 243 12
0.222 0.608 266 21 1.38 1.5 1.4 263 21
0.168 0.439 254 13 1.09 1.5 1.4 247 13
0.282 0.553 289 18 1.20 1.5 1.4 282 18
0.191 0.696 247 15 1.41 1.5 1.4 242 15
0.096 0.407 268 13 1.23 1.5 1.4 262 13
0.153 0.474 243 12 1.10 1.5 1.4 239 12
0.222 0.504 225 22 0.98 1.5 1.4 221 22
0.106 0.402 264 13 1.68 1.5 1.4 269 13
0.180 0.875 235 16 1.05 1.5 1.4 226 15
0.164 0.631 275 17 1.31 1.5 1.4 267 17
0.215 0.481 283 14 1.22 1.5 1.4 281 14
0.123 0.640 291 15 1.42 1.5 1.4 292 15
0.135 0.717 218 11 1.45 1.5 1.4 219 11
0.232 0.795 257 14 1.13 1.5 1.4 252 14
0.224 0.784 234 23 0.84 1.5 1.4 233 23
0.205 0.481 268 17 1.35 1.5 1.4 267 17
0.189 0.473 219 17 0.83 1.5 1.4 213 17
0.299 0.811 247 26 1.37 1.5 1.4 240 25
0.285 0.805 227 17 1.12 1.5 1.4 224 17
0.125 0.520 225 14 1.04 1.5 1.4 223 14
0.358 0.717 264 26 1.31 1.5 1.4 264 26
0.160 0.744 281 14 1.71 1.5 1.4 279 14
0.245 0.602 239 20 1.29 1.5 1.4 236 20
0.208 0.524 295 14 1.23 1.5 1.4 290 14
0.248 0.793 281 16 1.78 1.5 1.4 276 16
0.228 0.674 236 15 1.09 1.5 1.4 231 15
0.228 0.464 285 17 1.24 1.5 1.4 279 17
0.155 0.517 254 16 1.62 1.5 1.4 255 16
0.082 0.532 246 8 1.60 1.5 1.4 249 8
0.186 0.807 207 13 1.44 1.5 1.4 207 13
0.485 3.595 239 16 1.34 1.25 0.7 229 15
0.938 2.941 256 19 1.24 1.25 0.8 251 19
0.810 3.399 232 16 1.41 1.25 0.75 224 15
0.750 2.740 277 22 1.27 0.9 0.7 273 22
0.717 3.480 293 34 2.39 1.0 0.6 293 34
0.609 1.880 293 48 1.41 1.0 0.8 287 47
0.646 1.847 253 29 1.27 1.5 0.6 239 27
0.389 2.150 298 24 1.30 1.0 0.7 289 23
0.499 1.440 293 28 1.22 1.0 0.6 288 28
0.238 1.199 233 21 1.76 1.0 0.7 234 21
0.494 1.232 272 25 1.19 1.0 0.6 263 24
0.352 2.340 287 27 1.04 1.0 0.7 281 26
0.274 2.090 279 35 1.16 0.9 0.8 276 35
0.337 3.250 309 26 0.93 0.7 0.6 290 24
0.365 3.390 228 26 1.03 0.7 0.6 222 25
0.419 2.950 283 22 1.36 0.7 0.6 281 22
0.783 2.770 233 30 1.14 1.0 0.7 228 29
0.526 3.010 294 22 1.51 1.0 0.8 284 21
0.716 1.470 262 20 0.94 1.0 0.9 253 19
0.322 1.420 221 24 0.93 1.0 1.3 214 23
0.380 0.990 252 24 0.96 1.0 0.8 246 23
0.483 3.120 230 19 1.40 1.0 0.8 228 19
0.400 2.150 219 22 1.95 1.0 0.9 213 21
0.325 2.350 227 24 1.40 1.0 1.2 222 23
0.436 1.360 223 22 1.44 1.0 0.9 221 22
